000000  flo  20230105 1800 249138N  775W 000 000 0000 0000 0000 50 040 000 000 000 000 000 000 000 000
000000  flo  20230106 0000 258851N  775W 000 000 0000 0000 0000 50 040 000 000 000 000 000 000 000 000
000000  flo  20230106 0600 268563N  775W 000 000 0000 0000 0000 50 040 000 000 000 000 000 000 000 000
000000  flo  20230106 1200 278276N  775W 000 000 0000 0000 0000 50 040 000 000 000 000 000 000 000 000
000000  flo  20230106 1800 287989N  775W 000 000 0000 0000 0000 50 040 000 000 000 000 000 000 000 000
000000  flo  20230107 0000 297701N  775W 000 000 0000 0000 0000 50 040 000 000 000 000 000 000 000 000
000000  flo  20230107 0600 307414N  775W 000 000 0000 0000 0000 50 040 000 000 000 000 000 000 000 000
000000  flo  20230107 1200 317126N  775W 000 000 0000 0000 0000 50 040 000 000 000 000 000 000 000 000
000000  flo  20230107 1800 326839N  775W 000 000 0000 0000 0000 50 040 000 000 000 000 000 000 000 000
000000  flo  20230108 0000 336552N  775W 000 000 0000 0000 0000 50 040 000 000 000 000 000 000 000 000
000000  flo  20230108 0600 346264N  775W 000 000 0000 0000 0000 50 040 000 000 000 000 000 000 000 000
000000  flo  20230108 1200 355977N  775W 000 000 0000 0000 0000 50 040 000 000 000 000 000 000 000 000
000000  flo  20230108 1800 365690N  775W 000 000 0000 0000 0000 50 040 000 000 000 000 000 000 000 000
000000  flo  20230109 0000 375402N  775W 000 000 0000 0000 0000 50 040 000 000 000 000 000 000 000 000
