000000  flo  20230105 1800 249138N  775W 000 000 0000 0000 0000 50 040 000 000 000 000 000 000 000 000
000000  flo  20230106 0000 253994N  775W 000 000 0000 0000 0000 50 040 000 000 000 000 000 000 000 000
000000  flo  20230106 0600 258851N  775W 000 000 0000 0000 0000 50 040 000 000 000 000 000 000 000 000
000000  flo  20230106 1200 263707N  775W 000 000 0000 0000 0000 50 040 000 000 000 000 000 000 000 000
000000  flo  20230106 1800 268563N  775W 000 000 0000 0000 0000 50 040 000 000 000 000 000 000 000 000
000000  flo  20230107 0000 273420N  775W 000 000 0000 0000 0000 50 040 000 000 000 000 000 000 000 000
000000  flo  20230107 0600 278276N  775W 000 000 0000 0000 0000 50 040 000 000 000 000 000 000 000 000
000000  flo  20230107 1200 283132N  775W 000 000 0000 0000 0000 50 040 000 000 000 000 000 000 000 000
000000  flo  20230107 1800 287988N  775W 000 000 0000 0000 0000 50 040 000 000 000 000 000 000 000 000
000000  flo  20230108 0000 292845N  775W 000 000 0000 0000 0000 50 040 000 000 000 000 000 000 000 000
000000  flo  20230108 0600 297701N  775W 000 000 0000 0000 0000 50 040 000 000 000 000 000 000 000 000
000000  flo  20230108 1200 302557N  775W 000 000 0000 0000 0000 50 040 000 000 000 000 000 000 000 000
000000  flo  20230108 1800 307414N  775W 000 000 0000 0000 0000 50 040 000 000 000 000 000 000 000 000
000000  flo  20230109 0000 312270N  775W 000 000 0000 0000 0000 50 040 000 000 000 000 000 000 000 000
000000  flo  20230109 0600 317126N  775W 000 000 0000 0000 0000 50 040 000 000 000 000 000 000 000 000
000000  flo  20230109 1200 321983N  775W 000 000 0000 0000 0000 50 040 000 000 000 000 000 000 000 000
000000  flo  20230109 1800 326839N  775W 000 000 0000 0000 0000 50 040 000 000 000 000 000 000 000 000
000000  flo  20230110 0000 331695N  775W 000 000 0000 0000 0000 50 040 000 000 000 000 000 000 000 000
000000  flo  20230110 0600 336552N  775W 000 000 0000 0000 0000 50 040 000 000 000 000 000 000 000 000
000000  flo  20230110 1200 341408N  775W 000 000 0000 0000 0000 50 040 000 000 000 000 000 000 000 000
000000  flo  20230110 1800 346264N  775W 000 000 0000 0000 0000 50 040 000 000 000 000 000 000 000 000
000000  flo  20230111 0000 351121N  775W 000 000 0000 0000 0000 50 040 000 000 000 000 000 000 000 000
000000  flo  20230111 0600 355977N  775W 000 000 0000 0000 0000 50 040 000 000 000 000 000 000 000 000
000000  flo  20230111 1200 360833N  775W 000 000 0000 0000 0000 50 040 000 000 000 000 000 000 000 000
000000  flo  20230111 1800 365689N  775W 000 000 0000 0000 0000 50 040 000 000 000 000 000 000 000 000
000000  flo  20230112 0000 370546N  775W 000 000 0000 0000 0000 50 040 000 000 000 000 000 000 000 000
000000  flo  20230112 0600 375402N  775W 000 000 0000 0000 0000 50 040 000 000 000 000 000 000 000 000
000000  flo  20230112 1200 380258N  775W 000 000 0000 0000 0000 50 040 000 000 000 000 000 000 000 000
000000  flo  20230112 1800 385115N  775W 000 000 0000 0000 0000 50 040 000 000 000 000 000 000 000 000
000000  flo  20230113 0000 389971N  775W 000 000 0000 0000 0000 50 040 000 000 000 000 000 000 000 000
000000  flo  20230113 0600 394827N  775W 000 000 0000 0000 0000 50 040 000 000 000 000 000 000 000 000
000000  flo  20230113 1200 399684N  775W 000 000 0000 0000 0000 50 040 000 000 000 000 000 000 000 000
000000  flo  20230113 1800 404540N  775W 000 000 0000 0000 0000 50 040 000 000 000 000 000 000 000 000
000000  flo  20230114 0000 409396N  775W 000 000 0000 0000 0000 50 040 000 000 000 000 000 000 000 000
000000  flo  20230114 0600 414253N  775W 000 000 0000 0000 0000 50 040 000 000 000 000 000 000 000 000
000000  flo  20230114 1200 419109N  775W 000 000 0000 0000 0000 50 040 000 000 000 000 000 000 000 000
000000  flo  20230114 1800 423965N  775W 000 000 0000 0000 0000 50 040 000 000 000 000 000 000 000 000
