000000  flo  20230105 1800 249138N  775W 000 000 0000 0000 0000 50 040 000 000 000 000 000 000 000 000
000000  flo  20230106 0000 263707N  775W 000 000 0000 0000 0000 50 040 000 000 000 000 000 000 000 000
000000  flo  20230106 0600 278276N  775W 000 000 0000 0000 0000 50 040 000 000 000 000 000 000 000 000
000000  flo  20230106 1200 292845N  775W 000 000 0000 0000 0000 50 040 000 000 000 000 000 000 000 000
000000  flo  20230106 1800 307414N  775W 000 000 0000 0000 0000 50 040 000 000 000 000 000 000 000 000
000000  flo  20230107 0000 321983N  775W 000 000 0000 0000 0000 50 040 000 000 000 000 000 000 000 000
000000  flo  20230107 0600 336552N  775W 000 000 0000 0000 0000 50 040 000 000 000 000 000 000 000 000
000000  flo  20230107 1200 351121N  775W 000 000 0000 0000 0000 50 040 000 000 000 000 000 000 000 000
000000  flo  20230107 1800 365690N  775W 000 000 0000 0000 0000 50 040 000 000 000 000 000 000 000 000
000000  flo  20230108 0000 380259N  775W 000 000 0000 0000 0000 50 040 000 000 000 000 000 000 000 000
000000  flo  20230108 0600 394828N  775W 000 000 0000 0000 0000 50 040 000 000 000 000 000 000 000 000
